7.754030277048341580e-01 7.754030277048341580e-01 7.754030277048341580e-01 7.754030277048341580e-01 7.754030277048341580e-01
9.349802278353581686e-01 9.349797237182335685e-01 9.349802139886967955e-01 9.349797274204743047e-01 9.349796764817838168e-01
-2.596559354165912659e-01 -2.596558986269934532e-01 -2.596559275377052778e-01 -2.596492862013594638e-01 -2.596492845578515785e-01
9.280190765597813585e-02 9.280320660832667989e-02 9.280320642957017030e-02 9.299265721856421474e-02 9.280560371754030535e-02
-8.752339424957761294e-01 -8.746329142137653223e-01 -8.746331481070067637e-01 -8.752903603493720208e-01 -8.752717298652800126e-01
3.616263093987588384e-01 3.616263093987588384e-01 3.616263093987588384e-01 3.616263093987588384e-01 3.616263093987588384e-01
3.364578251194441094e-01 3.364578251194441094e-01 3.364578251194441094e-01 3.364578251194441094e-01 3.364578251194441094e-01
1.608676034495380158e-01 1.608676034495380158e-01 1.608676034495380158e-01 1.608676034495380158e-01 1.608676034495380158e-01
5.875622772535942229e-01 5.875234377013693887e-01 5.875234377013693887e-01 5.875214967784508913e-01 5.875624444218606746e-01
8.224444405050717055e-01 8.224444405050717055e-01 8.224444405050717055e-01 8.224444405050717055e-01 8.224444405050717055e-01
-2.778353753898493705e-01 -2.778353753898493705e-01 -2.778353753898493705e-01 -2.778353753898493705e-01 -2.778353753898493705e-01
-5.119417348387279576e-01 -5.119417348387279576e-01 -5.119417348387279576e-01 -5.119417348387279576e-01 -5.119417348387279576e-01
4.984952946421289388e-02 4.984952946421289388e-02 4.984952946421289388e-02 4.984952946421289388e-02 4.984952946421289388e-02
-3.503971899497343445e-01 -3.503971899497343445e-01 -3.503971899497343445e-01 -3.503971899497343445e-01 -3.503971899497343445e-01
-2.911001910048954811e-01 -2.911001910048954811e-01 -2.911001910048954811e-01 -2.911001910048954811e-01 -2.911001910048954811e-01
-2.446808379579157311e-01 -2.446808379579157311e-01 -2.446808379579157311e-01 -2.446808379579157311e-01 -2.446808379579157311e-01
2.019156616826087713e-01 2.019156616826087713e-01 2.019156616826087713e-01 2.019156616826087713e-01 2.019156616826087713e-01
9.907086714755115597e-01 9.907086714755115597e-01 9.907086714755115597e-01 9.907086714755115597e-01 9.907086714755115597e-01
-2.660585166887304842e-01 -2.660585166887304842e-01 -2.660585166887304842e-01 -2.660585166887304842e-01 -2.660585166887304842e-01
8.703039442783857549e-01 8.703039442783857549e-01 8.703039442783857549e-01 8.703039442783857549e-01 8.703039442783857549e-01
6.666690533224310933e-01 6.666690533224310933e-01 6.666690533224310933e-01 6.666690533224310933e-01 6.666690533224310933e-01
5.723327734646973530e-01 5.723472482974171216e-01 5.723387590037598560e-01 5.723361289010037156e-01 5.723331262823027066e-01
7.235225219509583416e-01 7.235225219509583416e-01 7.235225219509583416e-01 7.235225219509583416e-01 7.235225219509583416e-01
4.804137668300798580e-01 4.804137668300798580e-01 4.804137668300798580e-01 4.804137668300798580e-01 4.804137668300798580e-01
1.944367420358785736e-01 1.938012722564135537e-01 1.938340255597538475e-01 1.917465915754084094e-01 1.968637204212425051e-01
2.537208828333318844e-01 2.537208828333318844e-01 2.537208828333318844e-01 2.537208828333318844e-01 2.537208828333318844e-01
9.061499443360971906e-01 9.061499443360971906e-01 9.061499443360971906e-01 9.063154584118654489e-01 9.061499443360971906e-01
4.699046591939305961e-01 4.699046591939305961e-01 4.699046591939305961e-01 4.699046591939305961e-01 4.699046591939305961e-01
-8.417333556608137535e-01 -4.230956044980926922e-01 -4.230411398950529867e-01 -8.617698928723205309e-01 -8.417333556608137535e-01
-6.770019348252891145e-02 -6.770019348252891145e-02 -6.770019348252891145e-02 -6.770019348252891145e-02 -6.770019348252891145e-02
