9.701515516401852945e-01 9.701515516401852945e-01 9.701515516401852945e-01 9.700212249407225151e-01 9.699985280129596044e-01
6.103261018351214817e-01 6.100968865565103982e-01 6.099480731182579385e-01 6.100968865565103982e-01 6.179553337856820150e-01
-9.999530597481313121e-01 -9.999530011819263153e-01 -9.999470625379730526e-01 -9.999530011819263153e-01 -9.999473207717569645e-01
6.777959755015589005e-01 6.777959755015589005e-01 6.777959755015589005e-01 6.775961342345261373e-01 6.779387599015316290e-01
7.100228407305976264e-01 7.467562321010571269e-01 7.467562321010571269e-01 7.467562321010571269e-01 7.103513888904455786e-01
-4.520082999337766694e-01 -4.520082999337766694e-01 -4.520082999337766694e-01 -4.520082999337766694e-01 -4.520082999337766694e-01
3.271630563016997284e-01 3.271630563016997284e-01 3.271630563016997284e-01 3.271630563016997284e-01 3.274379993088367136e-01
3.464699161565618080e-02 3.464699161565618080e-02 3.464699161565618080e-02 3.464699161565618080e-02 3.464699161565618080e-02
4.941059151386479331e-01 4.909454024539873784e-01 4.909452092390222400e-01 4.909454024539873784e-01 4.909553362908676832e-01
-7.802271453294897796e-01 -7.802270526715036070e-01 -7.802270524906066429e-01 -7.802275105653788678e-01 -7.802355207922646585e-01
4.974389731068577514e-01 4.974389731068577514e-01 4.974389731068577514e-01 4.974389710483833604e-01 4.974382304385782660e-01
-2.030873399039390473e-02 -2.030873399039390473e-02 -2.030873399217342570e-02 -2.030873383632359613e-02 -2.030873397041178113e-02
-6.292925313073911564e-01 -6.292925313073911564e-01 -6.292925313073911564e-01 -6.292925313073911564e-01 -6.292925318860489448e-01
2.904197697578663195e-01 2.904197697578663195e-01 2.903922483711311453e-01 2.904197703125835361e-01 2.898975729610491214e-01
8.841950047497001419e-01 8.841950047497001419e-01 8.841950047497001419e-01 8.841950047497001419e-01 8.844277969116374205e-01
-3.168138744561612152e-01 -3.168125020687849180e-01 -3.168138744561612152e-01 -3.168124402334731027e-01 -3.168125758513859469e-01
-9.684978936573818142e-01 -2.534715288950374901e-01 -2.534715288950374901e-01 -2.472996836299712897e-01 -9.415469876148734318e-01
-1.598505070836288011e-01 -1.598939432287588003e-01 -1.598518350336617377e-01 -1.598460685320608754e-01 -1.599789999421210029e-01
4.566552732146823002e-01 4.566553308890973772e-01 4.566552732146823002e-01 4.566552774997032493e-01 4.566514120437071833e-01
4.049314873326196329e-01 4.049286399136275971e-01 4.049312198379551031e-01 4.049313630775983053e-01 4.049179301505845263e-01
-3.924372192182727648e-02 -3.924372192182727648e-02 -3.952493390972434267e-02 -3.924372192182727648e-02 -3.515818081069224665e-02
-5.760202412097404912e-01 -5.760202412097404912e-01 -5.759684857497597843e-01 -5.760238656051207551e-01 -5.760050796780631366e-01
7.203252463876408385e-01 7.203252463876408385e-01 7.203253073763129510e-01 7.203252463876408385e-01 7.203125663256402245e-01
6.439104060142630814e-01 6.439082767579629163e-01 6.439104060142630814e-01 6.404446179404903461e-01 6.404566684123706999e-01
-2.849764159223390145e-02 -2.850158784593556649e-02 -2.850181901471145543e-02 -2.850181901471145543e-02 -2.849751003775227373e-02
-4.375637409810418932e-01 -4.375637155810338519e-01 -4.375665530977720374e-01 -4.375637409810418932e-01 -4.375168761944779328e-01
-5.146260293233081429e-01 -5.146260293231188498e-01 -5.146260293230524585e-01 -5.146260293229878435e-01 -5.146260293274446118e-01
-1.104538505983981844e-01 -1.104538317970381739e-01 -1.104538505983981844e-01 -1.104538511945676316e-01 -1.104531981910597122e-01
-4.597621547198966208e-01 -4.597621547198966208e-01 -4.597523465038976243e-01 -4.597621547198966208e-01 -4.597522957898507179e-01
