7.992997784836677333e-01 7.999872860435839339e-01 7.864302339975162148e-01 7.990335588190459193e-01 7.863063661191572740e-01
9.556935882008826821e-01 9.556935882547442640e-01 9.556935882008826821e-01 9.556935882008826821e-01 9.556935882008826821e-01
7.777238829009183174e-01 7.777238829009183174e-01 7.777238829009183174e-01 7.777238829009183174e-01 7.777238829009183174e-01
7.376264803714981388e-01 7.376264805705161631e-01 7.376264805681419512e-01 7.376264803714981388e-01 7.376264803714981388e-01
-8.353032080305722307e-01 -8.353032080305722307e-01 -8.353032080305722307e-01 -8.353032080305722307e-01 -8.353032080305722307e-01
9.374424524765483380e-01 9.374424524765483380e-01 9.374424524765483380e-01 9.374424524765483380e-01 9.374424524765483380e-01
8.031571043285118394e-01 8.031571043285118394e-01 8.031570582345957110e-01 8.031571043285118394e-01 8.031571057233959365e-01
6.635121061832955913e-01 6.635121061832955913e-01 6.635121061832955913e-01 6.635121061832955913e-01 6.635121061832955913e-01
2.825328770091070640e-01 2.825328770091070640e-01 2.825328770091070640e-01 2.825328770091070640e-01 2.825328770091070640e-01
6.563285919117320955e-01 6.563285919117320955e-01 6.563285919117320955e-01 6.563285919117320955e-01 6.563285919117320955e-01
8.642136527243535760e-01 8.652942123033162680e-01 8.652942123033162680e-01 8.652942123033162680e-01 8.652942123033162680e-01
5.319874868277743030e-01 5.319874868277743030e-01 5.319874868277743030e-01 5.319874868277743030e-01 5.319874868277743030e-01
-7.637163344580794044e-01 -7.637163344580794044e-01 -7.637163344580794044e-01 -7.637163344580794044e-01 -7.637163344580794044e-01
2.290823809887289064e-01 2.290823809887289064e-01 2.290823809887289064e-01 2.290823809887289064e-01 2.290823809887289064e-01
-5.885133913521109483e-02 -5.885133913521109483e-02 -5.885133913521109483e-02 -5.885133913521109483e-02 -5.885133915528459325e-02
1.581931794227399157e-01 1.581931794227399157e-01 1.581931794227399157e-01 1.581931794227399157e-01 1.581931794227399157e-01
-9.131294113415669988e-01 -9.131294113415669988e-01 -9.131294113415669988e-01 -9.131294113415669988e-01 -9.131294113415669988e-01
6.668334268217425143e-01 6.668334268217425143e-01 6.668334268217425143e-01 6.668334268217425143e-01 6.668334268217425143e-01
-4.410177827434372810e-01 -4.410177827434372810e-01 -4.410177827434372810e-01 -4.410177827434372810e-01 -4.410177827434372810e-01
1.703032901099097995e-01 1.703032901099097995e-01 1.703032901099097995e-01 1.703032901099097995e-01 1.703032901099097995e-01
9.926222084489794151e-01 9.926222084489794151e-01 9.926222084489794151e-01 9.926222084489794151e-01 9.926222084489794151e-01
1.998455825796408014e-01 1.998455825796408014e-01 1.998455825796408014e-01 1.998455825796408014e-01 1.998455825796408014e-01
-1.881354157080359357e-01 -1.881354157080359357e-01 -1.881354157080359357e-01 -1.881354157080359357e-01 -1.881354157080359357e-01
-2.049512309932482457e-01 -2.049512403055122056e-01 -2.049512307889064522e-01 -2.049512309932482457e-01 -2.049512309932482457e-01
8.087746359337786295e-01 8.087746359337786295e-01 8.087746359337786295e-01 8.087746359337786295e-01 8.087746359337786295e-01
2.490340646646403422e-01 2.490340646646403422e-01 2.490340646646403422e-01 2.490340646646403422e-01 2.490339617242537940e-01
-6.983491873378356862e-01 -6.983491873378356862e-01 -6.983491873378356862e-01 -6.983491873378356862e-01 -6.983491873378356862e-01
-4.174025561589016498e-01 -4.174025561589016498e-01 -4.174025561589016498e-01 -4.174025561589016498e-01 -4.174025561589016498e-01
-6.717006364892966763e-01 -6.717006364892966763e-01 -6.717006364892966763e-01 -6.717006364892966763e-01 -6.717006364892966763e-01
-1.883291143101182841e-01 -1.883291143016223301e-01 -1.883291124987695464e-01 -1.883291143098174969e-01 -1.883291142448180466e-01
6.187557762540156769e-01 6.187557762540156769e-01 6.187557762540156769e-01 6.187557762540156769e-01 6.187557762540156769e-01
4.971522867144801960e-01 4.971522867144801960e-01 4.971522867144801960e-01 4.971522867144801960e-01 4.971522867144801960e-01
-1.729701710568652684e-01 -1.729701710568652684e-01 -1.729718643405661060e-01 -1.729701710568652684e-01 -1.729701710568652684e-01
-8.259457139401018555e-01 -8.263260769176535847e-01 -8.199999259755675896e-01 -8.259457139401018555e-01 -8.259457139401018555e-01
8.812053120716023535e-01 8.812053120716023535e-01 8.812053120716023535e-01 8.812053120716023535e-01 8.812053120716023535e-01
7.589776606857820962e-01 7.587186827205879558e-01 7.574757678633802227e-01 7.587186827205879558e-01 7.587186827205879558e-01
-4.258713970299354834e-01 -4.258713970299354834e-01 -4.258713970299354834e-01 -4.258713970299354834e-01 -4.258713970299354834e-01
-7.408184591420854392e-01 -7.408184591420854392e-01 -7.408184591420854392e-01 -7.408184591420854392e-01 -7.408184591420854392e-01
9.540847022468653682e-01 9.540847022468653682e-01 9.540847022468653682e-01 9.540847022468653682e-01 9.540847022468653682e-01
4.949899216892661991e-01 4.949960207187695249e-01 4.949955375997246998e-01 4.949899216892661991e-01 4.949953909766177662e-01
-3.089479797087122392e-01 -3.089479797087122392e-01 -3.089479797087122392e-01 -3.089479797087122392e-01 -3.089479797087122392e-01
-7.317575245257271765e-01 -7.317575236983939746e-01 -7.317575222629457699e-01 -7.317575236022665353e-01 -7.317574989810086139e-01
-2.846536327230628771e-01 -2.846536327230628771e-01 -2.846536327230628771e-01 -2.846536327230628771e-01 -2.846536327230628771e-01
2.508618679626444248e-01 2.508618679626444248e-01 2.508618679626842263e-01 2.508618679626444248e-01 2.508618679536448459e-01
9.450313818746433059e-01 9.450313818802646981e-01 9.450313846721958289e-01 9.450313818802646981e-01 9.450313818591815629e-01
-6.462873850025676603e-01 -6.462873850025676603e-01 -6.462873850025676603e-01 -6.462873850025676603e-01 -6.462873850025676603e-01
-7.194237076929129726e-01 -7.194237076929129726e-01 -7.194237076929129726e-01 -7.194237076929129726e-01 -7.194237076929129726e-01
-3.840785389517650250e-01 -3.840783914738549187e-01 -3.840785601285933715e-01 -3.840783914738549187e-01 -3.840783914738549187e-01
8.123254986238451769e-01 8.123254986249811571e-01 8.123254986199606176e-01 8.123254985717123233e-01 8.123254986235353137e-01
4.389016676899903935e-01 4.389016676899903935e-01 4.389016676899903935e-01 4.389016676899903935e-01 4.389016676899903935e-01
7.641975324572118922e-01 7.641975324572118922e-01 7.641975324572118922e-01 7.641975324572118922e-01 7.641975324572118922e-01
