4.080991096675315455e-02 4.080991198473356979e-02 4.080991352110036746e-02 4.080991095984537465e-02 4.080991097359304431e-02
4.308937995687324718e-01 4.308959361320175985e-01 4.309136384866684155e-01 4.309132271574971917e-01 4.309132271574971917e-01
6.175116034758808548e-01 6.175841813621283372e-01 6.175402545005761468e-01 6.174992588246965841e-01 6.175666564416820714e-01
5.832903327345489997e-01 6.017775795104772785e-01 6.014177896018004787e-01 5.850996627354776436e-01 6.013038145419946634e-01
-3.916393195203756727e-01 -3.914714419222686814e-01 -3.914887956605993535e-01 -3.940172544383415687e-01 -3.915211817419045892e-01
5.154585396752846549e-01 5.154505561091490273e-01 5.154580154089913879e-01 5.152993903955095378e-01 5.148886661815614829e-01
9.699745336061738055e-02 8.185528094171085067e-02 9.684282928194867801e-02 8.426776124936503909e-02 8.426776124936503909e-02
7.572975523084288785e-01 7.536101168902418213e-01 7.538509964125923446e-01 7.536005931125981938e-01 7.535842918756852082e-01
4.361661229900156145e-01 3.988207621900797251e-01 3.990029541970609439e-01 3.988211525548132630e-01 3.988211525548132630e-01
9.150250155124324269e-01 -2.597937267429709651e-01 -1.925313829370939867e-01 -2.225980583974355442e-01 -2.225980583974355442e-01
6.489797545803808188e-01 6.489796247619713521e-01 6.489796080891500063e-01 6.489796038138059275e-01 6.489796038138059275e-01
3.741185263170728192e-01 1.230243158649653723e-01 1.231380071627265899e-01 1.230000065334715953e-01 1.230253867344620194e-01
8.805671637562639820e-02 8.761716478216681481e-02 8.805629890040102270e-02 8.805673476900402474e-02 8.805671675564875900e-02
9.270056917241052963e-01 9.270056917241052963e-01 9.270075683861639382e-01 9.270839575315553693e-01 9.270815771683612594e-01
5.028428180005701797e-01 5.028428180013216897e-01 5.028429329816118676e-01 5.028415425621555190e-01 5.028415254559186476e-01
8.497403056969830004e-01 8.497403056969830004e-01 8.497583842293868761e-01 8.497293847051544669e-01 8.497299691534316857e-01
-8.490351167427825363e-01 -7.565622812297634336e-01 -7.539831298722327046e-01 -7.593203328136735042e-01 -7.560253873135872604e-01
-4.315457169934697190e-02 -4.315456883611096250e-02 -4.315459858403576654e-02 -4.315469501295350618e-02 -4.315467974082842773e-02
-3.602180692640569726e-01 -3.602135914703059050e-01 -3.185159474816059988e-01 -3.602034827769188263e-01 -3.611518800472917068e-01
5.356193022568994655e-01 5.357481294854903320e-01 5.342733873896420294e-01 4.949588446955972554e-01 5.012424224161750042e-01
-2.176288597464804200e-02 -2.176246414307907162e-02 -2.193363251700406955e-02 -2.176316505454167424e-02 -2.176316129073526881e-02
-2.682486061537059374e-01 -2.681121613885609212e-01 -2.681101105498011616e-01 -2.682486061537059374e-01 -2.681095171402391175e-01
-6.561492397060587622e-01 -6.565538473503481631e-01 -6.565384045859601336e-01 -6.565313546886958340e-01 -6.565278803441382260e-01
-6.619091398565296602e-01 -6.602812313863751781e-01 -6.642827125074676209e-01 -6.585592304015218668e-01 -6.599893436682103820e-01
-5.981166914754487696e-01 -5.981186394546502694e-01 -5.981872033439529224e-01 -5.981186283472126330e-01 -5.981186401443282508e-01
3.422822268340826035e-01 3.422822267263610496e-01 3.422822298236160576e-01 3.422822762393181728e-01 3.422822723392077160e-01
-8.283209000496839503e-01 -8.283146113569780367e-01 -8.278651389564262164e-01 -8.281959201907838075e-01 -8.281962847824509977e-01
5.246850601934978098e-01 5.217629134157508730e-01 5.232697473603127314e-01 4.990184884441065671e-01 5.232841662452971665e-01
-9.648441095374723497e-01 -9.611693946308756953e-01 -9.649650594762015920e-01 -9.609000535146811073e-01 -9.611803811747851034e-01
-3.607669481801301647e-01 -3.607123132060155446e-01 -3.623618002082138467e-01 -2.333011670195093146e-01 -3.639498677713226549e-01
1.615971037789210585e-01 1.614948482453682777e-01 1.612326383154247256e-01 1.618969759021641752e-01 1.612417878761625567e-01
7.940825575126235769e-01 7.940965030792243029e-01 7.940807646851406609e-01 7.939543694905951687e-01 7.940805285955027104e-01
5.057701823257226836e-01 5.057922935766824279e-01 5.057999284217986613e-01 5.053228969586665009e-01 5.053228969586665009e-01
5.637226070124504718e-01 5.637225837022641350e-01 5.637225839115472814e-01 5.637226082187651865e-01 5.637225838103350206e-01
-9.673342624341707552e-01 -9.673342716951367493e-01 -9.673342623823190101e-01 -9.673348823766906301e-01 -9.673342636025780150e-01
-2.682975180053348008e-01 -2.732813009406730997e-01 -2.683084618091900464e-01 -4.025500110607537207e-01 -2.732720842268053785e-01
-8.464149926984616545e-01 -8.483596424719443974e-01 -8.504273570248190861e-01 -8.488940375056363008e-01 -8.488714427245911409e-01
9.405009506420034526e-01 9.405016778007069256e-01 9.405009499268589535e-01 9.405173342720342111e-01 9.405017095963110751e-01
-6.105080043136225099e-01 -6.105075956603378540e-01 -6.107088470966751670e-01 -6.105080050630238286e-01 -6.105075926712895118e-01
2.073298715774189172e-01 2.073763809945456116e-01 2.083972878573159271e-01 2.073255983899388033e-01 2.073251863569879061e-01
-3.747769014353082295e-01 -3.747911531402836616e-01 -3.747707890184197588e-01 -3.747735673905202014e-01 -3.747739385358331843e-01
-7.458263417978697740e-01 -7.458252620721411708e-01 -7.458267696088919374e-01 -7.458254818210259263e-01 -7.458254812939852929e-01
-6.834568110412233555e-01 -6.834560918517487149e-01 -6.834568054930720837e-01 -6.835105304631048373e-01 -6.834559975623032413e-01
5.508450509606644951e-01 5.508447474295778967e-01 5.508450565088227613e-01 5.508515498547390532e-01 5.508451003145743430e-01
2.844834470516327540e-01 2.844834470585367314e-01 2.844834470514663316e-01 2.844834470516327540e-01 2.844834470516982572e-01
-1.602891918328281096e-01 -1.602894291750677491e-01 -1.602913052929986204e-01 -1.602614580764554486e-01 -1.602601824999854707e-01
-2.781601291063076076e-01 -5.130114545504061985e-01 -2.781595809608933267e-01 -2.765276271552005172e-01 -2.781533510449447633e-01
-7.376963290572683407e-01 -7.376961807253935577e-01 -7.376961506515893330e-01 -7.376961484482641440e-01 -7.376961473475726061e-01
-6.234426140562973062e-01 -6.234426147362923665e-01 -6.235091634049538811e-01 -6.235091168494255598e-01 -6.235091168494255598e-01
-6.600075393104540833e-01 -6.600049701819185044e-01 -6.597371019488882382e-01 -6.596057376996413701e-01 -6.596057376996413701e-01
