1.679925118150047414e-01 -5.468304340423069121e-01 -5.455428998411259167e-01 -5.536011533682160257e-01 -5.466121426489551904e-01
8.222582800833367900e-01 7.206657711404970135e-01 7.225805467654822234e-01 7.205665937436973589e-01 7.223826368170530587e-01
4.436480299239164982e-02 -5.995701236384304300e-01 -5.995701236384304300e-01 -5.996295023855138240e-01 -5.993963150545713603e-01
-6.948905807094390985e-01 2.716620404628024010e-01 2.716493103414036603e-01 2.716586886233918752e-01 2.713530059073515077e-01
-9.358592461769655868e-01 7.218910991396244592e-01 7.205012142148158327e-01 7.225644514258756645e-01 7.218951062708333088e-01
-9.521923003759202864e-01 -7.778257043911521729e-01 -7.774949935820300029e-01 -7.820268154738920785e-01 -7.774904308030028410e-01
2.512771017501262971e-01 -9.753772181582482936e-01 -9.753772210430030620e-01 -9.753771257812863249e-01 -9.753772210430030620e-01
-8.596331789437055004e-01 -3.754535313645844807e-01 -3.754535313645844807e-01 -3.754535313645844807e-01 -3.754535313645844807e-01
-6.391481738044904604e-02 9.519713967244380903e-01 7.785521434635833682e-01 9.572895818514854938e-01 7.781081760242882783e-01
7.363556777179699475e-01 8.261544642120541848e-01 8.261578647281465626e-01 8.198442283812482634e-01 8.261585826086975670e-01
6.339798560439028341e-01 8.043702882284163858e-01 8.043537770093333039e-01 8.043704511023139769e-01 8.043702601716468115e-01
-2.417051706227981225e-02 -2.010825800044188649e-02 -2.010825800044188649e-02 -8.152045571969350479e-03 -2.010825800044188649e-02
